   #ncalls  tottime  percall  cumtime  percall filename:lineno(function)
        1    0.000    0.000    0.000    0.000 :0(__exit__)
       39    0.000    0.000    0.000    0.000 :0(abs)
      895    0.002    0.000    0.002    0.000 :0(add)
       48    0.000    0.000    0.000    0.000 :0(append)
   640000    0.966    0.000    0.966    0.000 :0(bit_length)
        1    0.000    0.000    0.000    0.000 :0(compile)
        1    0.000    0.000   38.192   38.192 :0(exec)
        3    0.000    0.000    0.000    0.000 :0(extend)
        5    0.000    0.000    0.000    0.000 :0(find)
        1    0.000    0.000    0.000    0.000 :0(fromkeys)
    62037    0.098    0.000    0.098    0.000 :0(get)
  1048984    1.498    0.000    1.498    0.000 :0(getrandbits)
   139752    0.165    0.000    0.165    0.000 :0(isinstance)
      256    0.001    0.000    0.001    0.000 :0(items)
       44    0.000    0.000    0.000    0.000 :0(join)
1393508/1393502    2.476    0.000    2.476    0.000 :0(len)
     1768    0.004    0.000    0.004    0.000 :0(log)
        2    0.000    0.000    0.000    0.000 :0(max)
       13    0.000    0.000    0.000    0.000 :0(min)
        1    0.000    0.000    0.000    0.000 :0(nl_langinfo)
        1    0.000    0.000    0.000    0.000 :0(open)
        2    0.000    0.000    0.000    0.000 :0(ord)
       26    0.000    0.000    0.000    0.000 :0(print)
      508    0.001    0.000    0.001    0.000 :0(random)
       17    0.000    0.000    0.000    0.000 :0(round)
        1    0.000    0.000    0.000    0.000 :0(seed)
        1    0.012    0.012    0.012    0.012 :0(setprofile)
        8    0.000    0.000    0.000    0.000 :0(sort)
     1104    0.050    0.000    0.063    0.000 :0(sorted)
    10001    0.016    0.000    0.016    0.000 :0(split)
    10001    0.047    0.000    0.047    0.000 :0(sub)
    11581    0.915    0.000   34.990    0.003 :0(sum)
        1    0.000    0.000    0.000    0.000 :0(translate)
    10069    0.014    0.000    0.014    0.000 :0(update)
       42    0.000    0.000    0.000    0.000 :0(utf_8_decode)
   660002    1.432    0.000    1.432    0.000 :0(values)
        1    0.000    0.000   38.191   38.191 <string>:1(<module>)
        1    0.000    0.000    0.000    0.000 _bootlocale.py:33(getpreferredencoding)
        1    0.000    0.000    0.000    0.000 codecs.py:260(__init__)
        1    0.000    0.000    0.000    0.000 codecs.py:309(__init__)
       42    0.000    0.000    0.001    0.000 codecs.py:319(decode)
        1    0.000    0.000    0.000    0.000 duo3.py:116(Tbl)
    10000    0.031    0.000    0.073    0.000 duo3.py:117(Row)
        8    0.000    0.000    0.000    0.000 duo3.py:119(Col)
        1    0.071    0.071   35.078   35.078 duo3.py:123(classify)
  3840000    5.475    0.000    5.475    0.000 duo3.py:124(norm)
   640000   12.558    0.000   20.935    0.000 duo3.py:127(better)
   650000    3.488    0.000   34.063    0.000 duo3.py:139(<genexpr>)
    10000    0.013    0.000    0.013    0.000 duo3.py:141(<lambda>)
        1    0.000    0.000    0.000    0.000 duo3.py:144(head)
    10000    0.065    0.000    0.967    0.000 duo3.py:153(body)
79858/79850    0.232    0.000    0.671    0.000 duo3.py:154(inc)
    10000    0.142    0.000    0.813    0.000 duo3.py:167(<listcomp>)
        1    0.000    0.000   35.797   35.797 duo3.py:170(footer)
        1    0.002    0.002    0.719    0.719 duo3.py:183(discretize)
       59    0.000    0.000    0.001    0.000 duo3.py:209(Span)
      117    0.000    0.000    0.004    0.000 duo3.py:212(mu)
       10    0.000    0.000    0.000    0.000 duo3.py:214(sd)
        5    0.171    0.034    0.336    0.067 duo3.py:217(pairs)
        5    0.201    0.040    0.381    0.076 duo3.py:232(div)
       25    0.004    0.000    0.004    0.000 duo3.py:245(<listcomp>)
        5    0.000    0.000    0.000    0.000 duo3.py:251(<listcomp>)
     17/5    0.002    0.000    0.006    0.001 duo3.py:257(merge)
    50000    0.070    0.000    0.070    0.000 duo3.py:276(<lambda>)
    49850    0.062    0.000    0.062    0.000 duo3.py:277(<lambda>)
        5    0.000    0.000    0.000    0.000 duo3.py:278(<listcomp>)
        1    0.311    0.311    0.829    0.829 duo3.py:283(counts)
        1    0.000    0.000    0.000    0.000 duo3.py:305(Counts)
        1    0.000    0.000    0.071    0.071 duo3.py:319(learn)
        2    0.003    0.002    0.069    0.034 duo3.py:320(loop)
      280    0.002    0.000    0.030    0.000 duo3.py:331(value)
      560    0.009    0.000    0.027    0.000 duo3.py:336(like)
     2602    0.006    0.000    0.008    0.000 duo3.py:341(<genexpr>)
      254    0.007    0.000    0.042    0.000 duo3.py:346(combine)
      254    0.001    0.000    0.002    0.000 duo3.py:355(<listcomp>)
     2122    0.004    0.000    0.004    0.000 duo3.py:359(same)
      256    0.007    0.000    0.020    0.000 duo3.py:367(prune)
      256    0.001    0.000    0.001    0.000 duo3.py:368(<listcomp>)
      256    0.001    0.000    0.001    0.000 duo3.py:375(<listcomp>)
     2371    0.003    0.000    0.003    0.000 duo3.py:376(<genexpr>)
      508    0.002    0.000    0.003    0.000 duo3.py:378(pick)
       26    0.000    0.000    0.002    0.000 duo3.py:386(rule0)
        1    0.000    0.000    0.000    0.000 duo3.py:390(<listcomp>)
        2    0.000    0.000    0.002    0.001 duo3.py:394(<listcomp>)
    49850    0.096    0.000    0.096    0.000 duo3.py:406(bin)
   129721    0.291    0.000    0.441    0.000 duo3.py:414(isa)
    49863    0.129    0.000    0.312    0.000 duo3.py:418(numsp)
    79850    0.180    0.000    0.438    0.000 duo3.py:422(symsp)
    10002    0.067    0.000    0.462    0.000 duo3.py:426(csv)
    10069    0.029    0.000    0.043    0.000 duo3.py:43(__init__)
    80008    0.129    0.000    0.129    0.000 duo3.py:440(atom)
    10001    0.115    0.000    0.244    0.000 duo3.py:450(<listcomp>)
       17    0.000    0.000    0.000    0.000 duo3.py:474(showRule)
       27    0.000    0.000    0.000    0.000 duo3.py:475(show1)
       17    0.000    0.000    0.000    0.000 duo3.py:479(<listcomp>)
        1    0.003    0.003   38.191   38.191 duo3.py:481(main)
        1    0.047    0.047   37.288   37.288 duo3.py:62(table)
        2    0.000    0.000    0.000    0.000 enum.py:289(__call__)
        2    0.000    0.000    0.000    0.000 enum.py:580(__new__)
        1    0.000    0.000    0.000    0.000 enum.py:852(__and__)
        1    0.000    0.000   38.204   38.204 profile:0(main())
        0    0.000             0.000          profile:0(profiler)
        1    0.000    0.000    0.000    0.000 random.py:125(seed)
   640000    3.597    0.000    6.062    0.000 random.py:237(_randbelow_with_getrandbits)
   640000    2.803    0.000    9.641    0.000 random.py:343(choice)
    10001    0.041    0.000    0.134    0.000 re.py:203(sub)
    10001    0.029    0.000    0.046    0.000 re.py:289(_compile)
        1    0.000    0.000    0.000    0.000 sre_compile.py:249(_compile_charset)
        1    0.000    0.000    0.000    0.000 sre_compile.py:276(_optimize_charset)
        1    0.000    0.000    0.000    0.000 sre_compile.py:411(_mk_bitmap)
        1    0.000    0.000    0.000    0.000 sre_compile.py:413(<listcomp>)
        1    0.000    0.000    0.000    0.000 sre_compile.py:423(_simple)
        3    0.000    0.000    0.000    0.000 sre_compile.py:453(_get_iscased)
      2/1    0.000    0.000    0.000    0.000 sre_compile.py:461(_get_literal_prefix)
        1    0.000    0.000    0.000    0.000 sre_compile.py:492(_get_charset_prefix)
        1    0.000    0.000    0.000    0.000 sre_compile.py:536(_compile_info)
        2    0.000    0.000    0.000    0.000 sre_compile.py:595(isstring)
        1    0.000    0.000    0.001    0.001 sre_compile.py:598(_code)
        3    0.000    0.000    0.000    0.000 sre_compile.py:65(_combine_flags)
      5/1    0.000    0.000    0.000    0.000 sre_compile.py:71(_compile)
        1    0.000    0.000    0.001    0.001 sre_compile.py:759(compile)
        5    0.000    0.000    0.000    0.000 sre_parse.py:111(__init__)
       11    0.000    0.000    0.000    0.000 sre_parse.py:160(__len__)
       22    0.000    0.000    0.000    0.000 sre_parse.py:164(__getitem__)
        1    0.000    0.000    0.000    0.000 sre_parse.py:168(__setitem__)
        5    0.000    0.000    0.000    0.000 sre_parse.py:172(append)
      6/2    0.000    0.000    0.000    0.000 sre_parse.py:174(getwidth)
        1    0.000    0.000    0.000    0.000 sre_parse.py:224(__init__)
       13    0.000    0.000    0.000    0.000 sre_parse.py:233(__next)
       11    0.000    0.000    0.000    0.000 sre_parse.py:249(match)
       10    0.000    0.000    0.000    0.000 sre_parse.py:254(get)
        5    0.000    0.000    0.000    0.000 sre_parse.py:286(tell)
        3    0.000    0.000    0.000    0.000 sre_parse.py:295(_class_escape)
        1    0.000    0.000    0.000    0.000 sre_parse.py:432(_uniq)
      2/1    0.000    0.000    0.001    0.001 sre_parse.py:435(_parse_sub)
      3/1    0.000    0.000    0.001    0.001 sre_parse.py:493(_parse)
        1    0.000    0.000    0.000    0.000 sre_parse.py:76(__init__)
        4    0.000    0.000    0.000    0.000 sre_parse.py:81(groups)
        1    0.000    0.000    0.000    0.000 sre_parse.py:84(opengroup)
        1    0.000    0.000    0.000    0.000 sre_parse.py:921(fix_flags)
        1    0.000    0.000    0.001    0.001 sre_parse.py:937(parse)
        1    0.000    0.000    0.000    0.000 sre_parse.py:96(closegroup)


